map_config:
  latitude: 49.64426
  longitude: 19.61483
  elevation: 16.0
  roll: 0.0
  pitch: 0.0
  yaw: 0.0
